Line 0 0 0 1080
Line 0 0 1920 0
Line 1920 0 1920 1080
Line 0 1080 1920 1080
Line 100 100 300 100
Line 300 100 300 300
Line 300 300 100 300
Line 100 300 100 100
Line 1500 100 1700 100
Line 1700 100 1700 300
Line 1700 300 1500 300
Line 1500 300 1500 100
Line 100 700 300 700
Line 300 700 300 900
Line 300 900 100 900
Line 100 900 100 700
Line 1500 700 1700 700
Line 1700 700 1700 900
Line 1700 900 1500 900
Line 1500 900 1500 700
Line 700 400 1100 400
Line 1100 400 1100 600
Line 1100 600 700 600
Line 700 600 700 400